1135
9566 10
48216 76358 57624 65721 60741 85657 41865 3302 44518 52477 
4705 1
71928 
4871 1
42134 
8917 1
38007 
198 1
64023 
5134 15
10421 77120 98153 68890 62796 97582 97031 41345 6727 73307 91032 93992 41570 79664 78271 
9772 1
12919 
9829 19
88487 51779 56041 77453 67231 1070 83501 86822 32779 97558 47315 75869 11205 47730 20136 21391 70861 3990 64120 
8738 17
36519 46844 69069 33701 92795 68221 41936 2052 485 20614 10840 42857 1081 89237 47390 34438 88550 
9092 14
59636 50047 70866 56179 14736 83350 61446 14305 43902 39395 27133 52279 33002 4727 
8758 16
17985 95727 68057 24925 45583 51760 36492 88026 60299 18403 57507 5445 13373 66675 49244 74958 
3938 1
38662 
2380 1
11550 
7327 1
23059 
4460 1
8319 
18 1
73308 
1023 1
55186 
6897 19
14860 28038 95402 71074 56907 75602 83304 6564 48793 73295 3932 43423 10856 54263 87937 14925 16476 37550 54084 
1634 1
87092 
1004 1
71234 
1161 1
6615 
7281 1
39968 
7368 10
91433 14375 56298 15296 18208 67270 40763 11093 83691 10925 
7989 15
31099 86559 33147 4181 12877 6800 22925 34694 39418 92114 25304 80808 95793 46347 46874 
4059 1
86716 
5724 1
24578 
8728 18
18116 56671 74374 71936 65433 81479 50050 33260 74978 32405 35203 10134 87702 69082 35881 73194 15654 72584 
587 1
53810 
1351 11
89302 28930 36129 2942 21165 47154 36187 31055 59813 19843 91501 
7819 1
71839 
1864 13
54703 52248 46864 18625 35086 94551 34568 96511 43957 30623 78112 33943 22717 
6063 20
67622 5828 28199 96428 67848 51504 48962 50947 9552 54575 79788 95598 9218 1266 36058 66962 91877 41516 78200 85987 
2415 15
94287 4557 80257 95638 86608 53402 45738 17257 83554 46548 17962 74055 42484 36089 27490 
8696 20
35619 5076 45104 78115 87902 44776 77630 66416 24855 17085 86267 2284 82092 38304 42488 3876 82577 89554 94634 65791 
7305 11
23444 27769 17735 89141 95997 80227 31000 16103 71052 41276 569 
3612 10
16598 22854 94125 60652 74097 26970 12164 25134 15834 75570 
177 1
41033 
5002 12
23352 31469 79583 79017 74901 4951 56284 18834 10707 62394 62072 26815 
3679 17
64846 73820 39446 54193 20209 23169 15648 32628 8895 30290 77953 73279 49586 53944 43919 33897 91484 
1949 1
29512 
794 10
19740 81411 9991 64596 26937 19564 19230 14396 74291 94453 
7491 1
69142 
3953 1
32155 
752 17
39254 28446 94303 93744 81483 43031 16350 70551 91548 26416 72792 12133 61302 30917 18064 55619 31700 
2786 14
99560 38790 15562 27246 55427 37310 34993 88803 10714 25368 53376 7537 29626 72419 
5023 19
8667 13803 50887 87136 31201 57179 75447 85676 73933 90649 54788 44869 72850 71227 82184 66078 5825 42712 32205 
3548 11
40089 18494 49240 15037 62046 7620 43615 69461 72581 98495 85798 
1659 14
43695 55938 76475 35568 50300 17025 42808 75181 60276 56181 19804 66551 6279 53843 
661 20
44823 87312 77606 55860 25973 32402 83190 15297 46618 9112 5110 48941 86001 49350 15973 41272 66405 31489 50977 26557 
555 1
26049 
5107 1
91670 
4193 12
16068 97482 29869 82470 34675 99564 51587 49397 52011 58278 8596 24403 
479 13
65438 9176 95650 4191 95716 90023 77731 13011 15992 31568 70053 15780 98692 
7175 12
75263 28784 28230 4082 68888 23413 39305 55577 66907 96386 14897 17709 
115 10
44635 15264 99249 5443 76397 50746 60419 58775 55235 96238 
5707 1
82908 
2863 9
99870 58684 19056 72313 855 70638 30562 11046 51663 
8617 1
96366 
650 1
68345 
7193 1
71752 
6241 1
42960 
2882 12
24478 16292 130 34255 65860 7897 54090 78934 34082 6626 83698 48828 
81 1
83633 
5064 1
43448 
92 1
20672 
5348 19
30289 43951 92159 60666 2519 42335 44592 21795 37958 44219 30371 22038 6144 16521 70428 75228 9820 27669 63951 
3944 1
31687 
5804 17
8102 5917 91571 62289 68128 94485 41712 34521 62136 90819 22763 8105 48473 51893 4467 30618 99751 
4924 18
56151 48782 92541 44645 93078 44115 59614 59889 71417 66609 99110 21951 66797 33792 87012 13354 66749 6532 
399 12
5660 83483 5704 58319 92949 16700 55849 36203 86560 44405 72616 59660 
2346 1
38852 
2143 12
98833 21501 67372 87144 15678 28330 21511 18889 79592 17145 86761 34395 
2754 1
60594 
4330 11
96715 87042 2290 6287 60050 97836 72368 96206 52496 80442 71274 
2737 19
3325 43703 1780 25708 78710 3905 89450 31512 87118 77444 78758 46156 9560 35484 80130 33748 64827 13839 40330 
4074 1
92803 
2652 1
9734 
1653 18
32573 96842 29400 38343 28621 13447 37098 98634 94606 28095 94978 23427 28629 85842 53375 91818 93600 57035 
1642 1
60189 
2312 1
36522 
5020 12
97385 23908 71679 56306 61717 34753 28296 11335 70976 72364 84053 24078 
8490 1
1738 
9053 1
99762 
8226 1
39877 
7511 1
59683 
6441 1
68267 
7630 1
7311 
3794 1
67482 
2942 1
81564 
5771 19
72219 49265 75809 93974 66534 54432 33987 3612 24242 99914 33122 28069 1209 59863 86501 61655 64988 79899 93188 
2939 1
60020 
322 13
37233 6746 98762 24630 47789 72500 52127 96607 22915 26229 86071 65870 11553 
7709 1
78733 
806 1
77280 
2994 1
8702 
627 20
60962 92874 52170 75802 17668 18989 46427 76493 39432 38799 6016 41993 49106 47618 20137 61874 13907 60226 74570 94802 
2904 1
91335 
2469 1
67973 
1356 20
57786 77787 15920 66975 40507 83283 1718 70779 13975 89796 56979 74453 74656 52190 7850 49706 63860 73445 98328 61543 
2732 1
45352 
7407 17
41471 18397 19051 56070 75113 5091 46170 58136 64217 84012 17054 71967 90246 72956 65910 88573 99915 
1967 1
33135 
561 17
25871 58923 96955 62468 51002 85188 8987 97761 8806 95256 53763 74585 72772 97800 99897 51720 81332 
6253 19
83025 77863 10342 71436 34810 43797 98355 9713 1822 98882 43682 51545 51496 25956 81202 96307 66108 51490 56995 
1777 1
89216 
3091 14
29249 57247 86977 64373 24479 78266 37800 30466 33403 90370 50612 33875 8607 11278 
9918 10
47523 61821 71772 49584 83949 27484 79933 14457 63551 31825 
3546 10
29226 55536 92353 55898 84271 46114 76616 46370 83879 46983 
8178 10
9401 4923 53621 50677 50605 45833 40436 81080 40020 96730 
9027 14
58873 32154 33279 87363 7881 65327 672 96865 7339 66363 65839 16771 80014 57018 
2044 20
27066 73699 63471 2766 79761 71861 84863 92294 29958 63723 59429 69976 90947 7230 64546 34336 89068 39554 25945 69029 
1045 1
41485 
6997 16
78792 5905 17992 15745 789 19589 87668 40161 89931 72751 29304 28159 15852 98688 66150 87233 
3981 1
47001 
8449 14
80146 20646 88496 150 14558 6551 8130 39740 45138 79160 18333 63841 28274 1067 
4592 1
62166 
4386 20
81146 51559 51286 74910 8144 55589 2757 76411 20278 1441 70149 55159 58984 41057 41768 50686 25605 63486 53983 27770 
2541 17
25662 73929 79040 43459 96147 57554 12444 12038 41831 19302 54239 32094 29965 98796 5197 59039 14967 
7179 1
53577 
7261 12
78525 88509 80930 1049 19734 44155 69987 56593 11531 9894 42784 65000 
1229 1
11142 
2017 17
23740 17264 57327 5622 75426 3036 14595 94563 29367 74179 97604 76967 59125 8443 67785 62087 20243 
1617 15
47934 93865 2333 19774 91056 29324 90550 28758 3912 29606 91605 77589 26184 70432 59984 
9486 17
144 85828 81616 29916 25217 42294 77993 3667 47863 96171 13021 1142 25214 29781 50136 88324 88042 
141 1
84401 
4589 17
35659 25544 42443 21652 65364 15019 68905 57543 37167 85547 96657 63137 13094 69690 7474 16290 60847 
7984 19
56008 97991 38861 60574 88120 40900 57279 98660 83098 78896 27980 59248 7690 55615 96995 57104 44930 6981 91557 
1996 12
34632 30382 73587 26562 33775 63868 24317 67027 15683 83088 69113 40074 
69 13
92147 35067 52387 86023 61389 24952 5808 51531 11810 68154 65739 84681 61912 
4439 18
11204 39744 65954 75100 20796 99588 30114 6785 72389 42593 54368 91600 24579 13903 10386 75771 9881 40174 
8791 1
89708 
6229 10
75827 17584 8106 76302 14751 81657 28422 24198 61540 10817 
6006 1
60527 
4112 17
572 46917 68058 13957 8516 8967 30218 67144 7423 20577 95395 65305 88453 27645 49884 72854 35584 
5857 16
65193 6504 40680 25390 67607 58643 7444 72811 85184 22716 86694 32808 76320 44471 94779 99699 
9423 1
87100 
1427 11
86916 75006 8827 16915 87619 7576 40047 98986 56741 36020 82504 
3483 19
51336 87119 38455 909 94004 18848 30642 88637 11010 90279 87024 72828 91934 42098 37523 82304 69536 1098 94901 
7104 18
86511 11303 13281 72320 50761 26014 6640 87687 71194 31313 2984 61556 14464 92978 52594 54403 88759 80549 
5390 20
41659 83944 1629 98409 6763 41223 80485 32506 75021 26973 41258 96555 61675 46059 37734 91957 76674 5053 9937 65140 
4709 1
2950 
3428 1
69864 
5523 1
33580 
7494 12
4463 51017 85508 90878 36353 41288 70468 10663 10857 623 76735 79302 
667 1
65505 
1283 18
18667 96458 30634 89194 45905 34956 38825 65797 61184 78912 87663 99157 50561 9751 43971 21454 18163 29280 
4319 12
64662 61789 92950 31577 67521 83203 49885 88250 7365 5288 24612 28815 
5555 16
72557 3773 40617 53231 48511 21604 26780 43114 88406 41617 52666 5128 43089 44824 77368 15588 
6342 1
78035 
917 10
38274 60729 3449 97211 44084 59516 33126 99771 29121 85545 
3967 1
65345 
1195 13
34 67451 14934 16525 79555 65784 58034 60713 12925 61163 9331 81708 99673 
6871 20
36149 31515 74615 67662 59246 599 16615 80127 12282 13601 47629 21581 66013 59306 40071 42836 74736 39044 75548 87851 
9100 15
67500 48829 41747 14179 53450 28665 72373 6610 24333 40503 11852 1905 26345 58793 79050 
462 15
73681 45164 29109 36094 11995 31505 65678 92412 36722 84319 76817 82077 12322 88288 72407 
8981 10
52999 68881 53912 73258 36381 87611 11981 15079 92873 89217 
4138 19
57207 68663 34073 57000 6958 74424 67693 97831 45495 55497 37046 17444 45568 92204 41421 59332 16048 7028 96595 
1868 1
96293 
7358 19
45114 30585 65619 34271 51487 8226 67570 88944 34122 46729 65508 47834 81543 36550 59605 46203 41726 63957 81897 
3854 1
84046 
9447 1
33653 
7344 1
77416 
6550 1
49892 
6313 12
43265 31659 55835 93797 71033 87162 82829 11942 28797 78987 67578 40845 
2440 12
273 95621 17250 29022 95859 51054 32503 38466 52280 48961 36019 44569 
8279 1
73237 
2138 13
5474 43595 49068 37049 4045 59528 15015 1663 76670 20154 25805 59919 70282 
5569 13
59384 64850 3796 34230 83966 84254 49204 9565 42224 1429 17805 54440 62797 
6953 16
44169 71259 84887 2391 29728 52169 46501 4460 67642 13413 40597 66523 54548 45821 46259 6931 
7658 13
20970 25900 62112 25826 47815 16453 82620 31242 8891 55638 48988 40645 6353 
1109 1
74628 
5345 19
11138 32964 17624 13629 94530 56301 62392 89116 90912 24450 31374 98257 97852 15602 36536 95436 30131 860 72349 
820 18
82097 88971 44633 9376 66360 52153 26664 97361 30251 27479 81969 54419 60338 17999 44370 8452 86250 83119 
2890 11
55383 8520 59460 53382 60955 64427 58072 58257 87869 58129 4120 
7841 1
34294 
414 1
35170 
906 11
75208 2770 51287 46263 73612 24241 60103 44052 36627 87150 11604 
3025 1
795 
6235 20
85956 33564 10813 21213 74048 89751 44347 98310 20599 2510 89434 43368 16201 54675 23126 27975 67868 14188 78483 51514 
4847 1
11089 
8181 1
15098 
8124 1
91445 
4563 1
77153 
2276 15
43859 88880 22235 60061 28198 39529 49600 75298 80809 40974 16594 50057 53887 83080 59168 
9255 1
17705 
6054 9
69265 4824 4114 52082 61539 56202 15284 63110 58795 
4893 1
93129 
5510 14
35068 80974 49426 66083 23029 61620 67104 45455 63147 69642 77436 64469 78494 15448 
8180 13
98201 65147 50585 78188 54818 41992 2533 61325 9612 28946 75155 52039 95481 
4704 1
14343 
4037 15
14868 84441 90516 57868 36940 81436 10238 47427 25943 98773 79528 37484 54646 15345 56820 
2977 13
1255 2309 15505 17198 26975 5806 51874 59016 93384 55942 12353 22277 3911 
8149 10
79950 42728 11281 39297 87508 71560 16863 46288 59349 88199 
3229 15
74019 76434 65445 25510 43248 45081 99601 60149 10429 96380 9100 45433 35511 43290 14939 
5558 1
43492 
8628 1
90841 
6338 18
28228 87196 50679 68607 87956 24605 97460 84191 14542 99700 95615 73241 45550 85867 12190 90076 3993 60792 
9128 1
14032 
7360 1
99682 
4758 1
84347 
6976 1
80822 
9960 1
10159 
3999 1
48817 
7349 1
31597 
7243 1
43122 
4101 1
39838 
5810 13
61998 74884 74309 81225 28584 78145 78493 86804 51085 21603 7993 92677 63360 
8887 1
42539 
1029 1
52505 
6751 1
91002 
2976 1
38303 
7363 1
15437 
5388 1
16596 
5933 1
73147 
349 1
55168 
6517 1
54157 
2819 1
37738 
7963 1
25831 
5890 13
51014 86418 74252 6903 38068 45170 60359 21789 21303 87132 59698 54564 2906 
6885 1
92336 
9927 12
75180 25242 15046 79254 30544 62499 6495 62049 79480 6861 74206 87095 
3991 1
89303 
7839 1
99997 
6129 1
95606 
1711 1
67380 
9629 17
33547 30591 8705 88717 76914 13258 29531 1721 18160 87028 56195 69054 50041 63036 51633 60819 37812 
1596 15
43430 15116 75356 5745 25014 19531 76098 60540 99733 79620 29111 66979 2125 11141 30880 
2161 13
11177 35535 77726 33316 79403 85231 54735 42313 8541 29731 90603 60933 27813 
9872 1
86685 
5502 13
87547 59022 50235 95575 77010 31933 538 66290 7192 37230 44134 74739 86072 
3907 11
34950 33825 27219 45631 99279 39237 25060 42943 14146 58981 92245 
111 14
78382 97759 1559 20320 61427 1692 70445 40466 55457 79430 45472 38153 8792 15253 
5765 12
86956 6430 4691 89199 21176 37791 68457 88576 66855 15756 65957 54227 
9080 15
50566 22636 36678 61045 71727 27874 62624 82772 62283 65491 95328 25423 10837 34134 88381 
3742 1
40542 
7967 17
81258 82680 59764 87274 71696 48520 3249 96830 43138 70732 40555 20191 58473 76043 85309 30594 81907 
9948 1
90758 
7025 10
10805 18708 98482 33186 19809 52644 19506 52788 81812 5509 
4395 19
84928 66605 90725 91034 82899 77725 19596 14023 93784 91851 12772 69050 80554 9978 78663 97933 93942 48010 68609 
9367 1
55924 
8330 17
35551 86200 30160 19806 48779 58250 80067 62001 35579 63306 91846 59117 45963 55804 17885 75340 27438 
5635 1
54205 
2548 1
27691 
7120 1
78578 
5931 1
45909 
7205 1
43391 
1800 12
62440 51532 37546 75484 29997 62554 97417 31341 39404 24025 88329 81760 
7575 1
96630 
7445 10
15917 19351 80625 34472 54006 80365 33977 15716 84320 85554 
3631 1
90539 
156 11
36043 13469 73296 65197 54977 46885 42859 1251 47307 15885 20438 
3148 1
41864 
6929 10
33361 59689 48522 1246 41736 91054 74880 51237 27730 37857 
5805 12
11382 10948 42416 44922 42579 26733 750 17515 60441 17082 89107 38167 
7734 19
23806 16254 25989 76638 41152 92277 73853 70372 47672 95683 12479 90738 42257 95387 59922 60539 10068 108 96541 
4613 10
64138 4585 7670 61798 38373 81600 64159 12729 17347 7768 
6893 1
75829 
7881 1
30549 
4626 1
43299 
9985 18
94829 27065 4521 81477 71651 81469 352 43277 44342 46976 86708 13262 95315 31641 35989 39791 18118 57997 
3694 1
73461 
1024 1
52032 
9573 1
73438 
8893 1
38000 
9616 10
17570 1364 78190 26504 41559 86840 75156 16417 99815 7556 
2738 10
60345 29926 90672 99070 80013 87867 11467 85669 51020 79375 
6232 14
24693 94613 94076 11405 39407 79311 66470 19078 31697 11374 93005 52136 33573 94921 
8056 13
19817 31110 35890 17128 24457 28167 3561 75487 34361 96476 63827 87430 45770 
9847 20
98774 25360 49572 51583 53569 96190 34886 37905 90236 85170 76930 81346 11764 86436 67470 83320 42249 83562 40102 31148 
9077 1
19468 
1789 1
84132 
6900 1
61143 
7875 1
42940 
3726 14
98339 60925 28561 25619 64529 19778 28990 84645 32226 55052 36631 85115 4363 64035 
7007 1
52012 
6939 1
51405 
8314 12
3608 8642 15104 49592 41045 26183 2974 41770 56962 68776 13404 63791 
8095 1
90909 
220 1
79410 
9610 1
73708 
6724 1
55452 
2131 18
4950 49793 57250 58267 70660 83882 32293 5323 63610 60033 40821 96149 99241 98680 28303 96117 39127 30118 
3550 14
30761 67059 36462 59389 61815 25997 62814 77749 74796 48062 44797 60417 9428 38174 
1985 1
36762 
2900 12
42158 47321 28661 314 15207 63775 5624 51805 64218 71673 21725 8159 
3932 1
76902 
9095 14
92928 86290 86613 18313 72812 17192 14246 12473 20395 49484 75822 93109 3621 37934 
7803 1
49077 
6618 11
45396 23316 25153 30986 69228 96378 5349 54774 30485 78488 43613 
8751 1
4492 
2075 18
18433 50393 49072 4859 70852 1448 38228 24782 39111 39879 41424 69430 92693 84055 86288 18122 68423 99139 
8648 16
33752 85459 5663 61228 80463 15391 55376 92903 41666 25704 22446 40446 81295 82906 5890 31855 
5818 1
63941 
165 18
81958 70232 56855 78531 77356 91426 88798 78600 29967 76135 82111 77458 28355 37089 57068 71402 33518 6338 
8618 1
43686 
1927 15
57500 91736 25473 45031 23592 33481 86437 32340 23729 27236 77772 73243 37925 40567 3347 
9548 12
5328 65341 12593 79741 50610 2920 87321 49282 76966 90100 42365 33079 
6492 1
15388 
7833 1
17284 
2557 1
36888 
6416 1
31915 
6185 1
1550 
4380 1
44273 
4819 10
99325 90984 31965 26213 557 60731 60756 63796 81331 84548 
3852 1
40172 
3247 1
22884 
5219 1
22397 
9508 1
67267 
2497 15
11387 65230 89009 30941 33888 2357 90565 80191 10644 41298 81091 86828 17597 66535 95546 
6213 1
72552 
3525 19
5122 89782 97816 53202 33222 22992 54655 28338 80204 60690 11729 99793 88124 39839 72796 4701 90138 9648 26248 
9810 1
33464 
6215 18
17113 4949 11421 2140 96662 29973 4744 94517 16553 23386 45216 56408 52762 67089 24129 14576 94148 49415 
4506 14
5368 32001 48250 93152 9268 68459 39993 88297 63107 7121 98349 38358 69560 46480 
410 1
10196 
9204 1
23565 
520 13
24213 19502 110 61116 81727 22444 63571 13982 13745 90702 30948 34091 41348 
9227 1
30542 
8128 1
78649 
8285 1
72167 
8384 20
84313 76168 71023 27699 45614 69826 29310 79781 81966 15212 67329 4986 84933 34713 90223 24067 37923 54344 67804 89482 
3470 14
78132 23632 33836 46955 77800 44068 20222 83206 41087 56067 73037 98740 72116 20558 
7096 12
74848 51471 21657 14081 37822 59961 74167 70558 98137 11788 56709 7263 
5789 17
30447 31614 62416 5401 50132 69491 16737 13429 54566 78124 89758 34964 87405 15119 97026 61402 347 
1960 1
63258 
8839 1
73517 
6916 1
69602 
6634 1
67365 
6597 1
88275 
2144 1
39234 
9168 1
81278 
4892 1
27342 
7801 14
46320 64401 64579 53143 66911 42360 67131 9805 92511 74929 34242 52343 8998 5417 
8691 19
78477 18437 78715 48126 50247 85175 80049 46058 59290 20152 15480 15371 11153 29434 87419 55714 35565 1012 33992 
1303 1
69822 
1342 1
57895 
3507 1
1983 
6733 1
26945 
8005 1
69565 
3342 1
96178 
3134 1
48041 
2110 1
51188 
6960 1
69862 
7294 17
92094 23108 14773 74403 87816 55349 83796 14520 9222 1412 21556 24763 64804 10973 79261 12787 83381 
7786 1
28405 
8366 1
57116 
314 1
22302 
5849 1
2889 
2137 20
88626 23019 56949 44632 14704 23621 70379 36726 16397 26245 46404 64790 70737 56775 24477 93795 75016 4572 37854 75376 
3730 1
77932 
3719 16
41713 37449 47367 74216 38987 81004 94938 90708 23489 26483 7953 34807 89283 98025 80832 97039 
4055 1
72834 
6109 9
93430 12003 1178 25854 71786 89884 61318 39924 19931 
9081 15
56624 37630 86117 8893 34619 71966 31591 27930 36605 1161 3001 51304 82682 55774 93266 
5942 1
84071 
5966 15
13419 24337 71086 68638 32717 87237 19845 31161 54755 49097 83074 84774 37855 27856 52220 
4684 1
57563 
7280 1
6392 
2426 1
26876 
7644 1
43396 
7442 13
84007 2411 95694 43972 75666 51910 88066 60742 31144 18588 88608 7033 83475 
4170 1
1918 
5065 19
9950 32542 77520 40458 6870 28703 99038 20130 71880 311 28614 71471 75917 3096 99758 62380 69453 89812 63892 
5171 1
53013 
8269 10
99085 79907 75850 92585 19008 38395 40964 19870 54099 95653 
9203 1
24592 
7166 14
99442 49505 98138 86148 58833 35811 43444 60913 59221 74754 20255 60261 99387 34912 
9391 1
17410 
3277 1
4816 
9291 19
28222 55315 49163 90997 18754 31620 61965 98661 85620 66701 18872 6043 70367 26874 28135 21108 43178 67203 77294 
8677 19
75934 95939 57476 36527 98603 86212 59762 63444 70719 69066 61954 65537 5765 54100 55736 84362 87787 11813 27075 
4083 1
71983 
9809 1
41078 
180 20
72660 98128 84541 75870 97815 22770 862 87213 52970 57753 3243 56086 31588 54866 71005 35394 53633 79716 65750 20863 
8138 1
36224 
7512 1
2705 
2457 1
36205 
5761 1
82127 
7674 1
23230 
4072 13
72640 66899 20232 49199 68899 40813 45975 79313 82737 27998 79547 82192 24964 
310 1
56999 
3737 16
84845 49181 12565 70424 21489 85327 68991 12217 43515 88312 34756 59688 43158 59149 21407 47737 
973 1
60779 
4535 18
25667 58582 96236 60973 23752 17603 28322 69520 57008 77091 30949 7516 59703 66425 81877 4879 28816 36600 
6783 1
38845 
3868 16
35657 14853 88866 78867 79373 15235 20585 93556 8246 71860 45565 48204 36551 38492 15483 77797 
29 1
69361 
2565 1
13699 
3413 11
7166 46956 11789 14911 23259 93981 80404 44479 70750 56065 82597 
585 14
10728 22158 28778 47000 95338 68035 72114 62068 75655 78187 40085 58239 98225 90553 
1241 19
7283 29536 32832 64170 6017 35438 38480 22364 67054 90313 25953 86125 31753 58465 34500 30381 47856 99029 33262 
6924 1
74130 
3766 1
89793 
7914 1
49133 
9752 1
27738 
787 1
58404 
3876 1
96222 
751 1
74094 
360 1
19893 
2590 18
34053 70859 5742 81087 97615 83513 45635 24522 90452 59603 45069 66541 42927 58315 37688 78111 54953 48875 
1899 1
38591 
2830 1
81508 
4164 15
31466 83030 91515 84170 83957 40738 36802 44932 5488 35906 87460 4947 4903 29670 32376 
3202 1
9868 
3218 1
86848 
3423 1
39192 
4231 1
22830 
3792 1
47166 
4803 1
88501 
3919 1
4461 
7438 20
43162 39760 1137 92491 50938 74677 86426 68645 89848 76815 59314 29776 7093 42865 35463 85581 82920 51686 50115 60101 
6212 12
15924 10024 5696 84445 35388 28692 14766 35386 62838 96981 29498 52625 
1760 10
5901 46805 28953 22422 49620 40929 58487 82880 14830 39132 
7645 1
80297 
2610 19
89240 65479 74761 7820 71113 49113 48745 4174 53356 66708 30494 61304 77032 10458 11071 1382 48043 39325 52297 
2868 1
82584 
8989 1
43675 
657 10
62073 35060 56560 28948 42847 27863 18766 39742 83887 7188 
3245 1
12848 
9002 20
91892 37414 12124 74681 86336 57226 2591 52024 62316 13716 14234 39863 77985 49905 58943 99659 31122 42901 34020 16782 
3246 1
92785 
8831 1
8173 
9110 11
99103 84142 8444 78629 27498 54757 67737 93603 90052 4345 34898 
1939 10
30426 5946 75122 68505 7946 87958 28572 18390 83143 23542 
6202 14
47571 35878 69527 73534 70036 37978 87037 88430 92835 81666 26051 32439 18657 3489 
9507 15
61625 84733 107 37861 82357 43700 38469 28393 46675 13243 50520 426 76685 22639 47750 
9017 13
19329 60619 91709 91072 65630 43329 80430 42812 95557 5712 26768 14022 60058 
9992 17
21906 65970 97315 18310 19245 12834 63811 50037 11896 2448 60898 94642 84675 28487 65697 54487 24118 
2200 1
9436 
5513 17
3443 53280 56844 71501 49374 85906 44137 92024 39013 65210 4574 87175 31381 87634 75099 68500 58261 
5561 18
45745 83556 22956 62957 19769 86943 77839 16694 88233 22333 63862 66602 60024 89336 95691 56036 46088 78902 
7838 1
41456 
2535 16
31798 30238 214 91013 89687 69875 70731 82376 91069 11668 6673 74586 13128 84923 42348 71440 
6485 1
97158 
8521 1
72412 
2119 15
59456 95209 23288 10162 45675 84550 27592 39745 88212 4940 34485 12283 40627 93238 76818 
7830 13
43505 66809 85147 51238 77190 64497 52375 7133 41142 89960 21907 83384 34488 
339 1
69372 
7071 1
67657 
1515 1
3235 
3192 1
2209 
8422 1
65703 
9751 1
92385 
9833 1
33929 
6644 20
34688 32722 79918 39066 43182 59710 5281 47332 62465 73905 89990 91504 2164 60249 67532 87633 10816 34217 52990 35676 
3347 1
73956 
7731 1
22107 
2837 1
50798 
7666 19
67198 62577 83744 72848 6528 59732 74893 23158 4587 71368 7657 12676 64442 57985 43543 10829 69744 35764 21917 
336 13
20031 33376 95097 69547 14879 68306 35413 4018 4456 78480 45101 72530 708 
3211 1
57344 
6977 17
16614 71114 97203 34286 50143 99975 1942 17293 75975 32183 26326 70449 32393 99006 70124 48057 66128 
4086 10
78895 9796 14904 90228 46771 4242 77228 30170 66900 35575 
9489 1
4490 
4397 18
58227 62566 1045 61075 88370 10042 26663 22832 18659 47282 5263 766 78149 41856 57816 63839 27853 70596 
8582 14
56004 41460 73331 60342 36499 83989 26310 78272 36362 90971 49047 91550 31680 95124 
83 1
13463 
9160 1
8302 
2203 1
14411 
5184 1
50275 
4457 14
72866 48851 13166 39188 74825 43625 29127 72070 29944 52833 87383 89928 89588 10762 
8101 17
69837 46390 27883 19326 87912 77330 9825 44892 69595 25853 18975 7489 4386 96290 87425 8586 85863 
8070 1
45026 
6237 1
14727 
6673 1
73418 
7201 1
2668 
733 19
49094 74547 27665 76251 39705 92724 65928 83833 13284 79180 92955 10133 67770 66261 95415 5837 55817 80266 86454 
9392 16
95834 15826 35946 12125 14097 41583 38506 94867 16853 61886 92031 93839 60152 4218 50804 17618 
2655 1
80016 
3369 10
36496 1077 49076 15038 50739 19956 38612 64757 44346 17204 
5990 13
46525 24689 63765 70341 27750 27051 24991 8844 30267 72817 71709 57778 35951 
4645 1
29448 
7124 1
50099 
5386 11
65754 4963 18316 87326 42897 13760 65753 43464 50928 47129 46440 
8211 1
17390 
3593 15
43069 98014 47659 25849 43298 28053 56321 97806 34994 54417 93767 63730 86790 4356 67321 
6209 17
23915 4248 56753 73196 50002 60849 94080 42256 83615 65669 4689 31357 53650 98836 4664 55237 82572 
4509 1
244 
5097 1
95489 
4009 1
11151 
6793 1
17817 
429 1
90776 
1154 1
13341 
2111 13
5996 8110 6653 29311 43759 88323 6578 47961 38453 10258 60105 26952 41618 
1813 1
15149 
3799 12
46694 61032 11880 51969 19530 88472 10226 58789 80779 39530 15463 15914 
1110 14
82667 63840 17878 46345 79109 81924 52822 79216 31146 94775 46752 13971 76657 11124 
8902 1
22675 
6218 1
97296 
8591 1
60237 
1618 1
37148 
5339 18
11166 63380 56296 82022 97317 58639 8649 40789 74857 93773 57166 57668 21895 58878 72427 42866 68007 61805 
5961 1
7684 
7624 1
83452 
6211 13
46219 78921 34066 27025 31699 20956 75386 72959 68981 33762 66169 71222 98515 
9028 15
33839 90292 51723 151 85016 27682 70946 9170 18377 37017 69008 71195 75877 83450 1506 
5286 1
60639 
4813 1
40613 
3877 1
51413 
9775 17
7553 79094 77110 63160 75873 94834 4152 65172 58834 40064 63112 96993 61448 10071 77427 51106 74620 
317 1
35908 
8427 14
33516 50819 79329 3442 98543 82993 3291 10276 28841 79441 85437 63169 82839 43211 
1878 12
33312 95668 44655 18070 28574 11468 48646 84076 55740 54475 98695 39007 
72 1
17698 
4609 1
98779 
9097 16
9544 85560 96626 68480 66826 70185 19818 9902 69480 3683 79677 95707 94747 3785 16676 98423 
9353 1
93341 
907 1
36274 
2329 12
26570 29778 15360 22363 61537 66853 32615 63990 39794 19110 41841 40712 
5423 1
1773 
293 16
66807 35161 1378 23028 98159 32085 21757 87656 89089 88008 30919 74344 52805 46410 15322 19233 
407 12
24876 80675 18420 63462 89988 71500 97045 85883 6225 75547 586 67822 
9200 17
81025 95783 86219 21877 90870 59635 72874 13319 40998 23611 94798 8628 75076 23736 15517 5786 49335 
5664 1
26666 
9647 1
95318 
1246 1
30500 
3707 1
73730 
8137 13
57208 4070 23685 50711 93445 17341 45335 17619 61271 56364 376 99971 79951 
6603 1
97381 
7937 1
3518 
5568 14
65855 45053 72568 11333 67294 86322 66563 70548 40116 17432 15721 83113 22644 11989 
1181 1
5320 
2366 1
49331 
7736 1
17270 
5094 1
4146 
1693 11
72509 26151 16215 87726 70070 55806 87171 27902 36505 70386 50156 
6388 10
14052 6068 57679 21305 27325 25759 33785 70658 78503 35798 
2776 1
59690 
3412 1
69278 
5971 1
26586 
1041 1
93566 
1723 14
73071 70344 12887 33745 34302 78751 78358 8285 40419 93635 95946 74243 87936 33651 
3809 14
74886 1735 18727 36488 57952 63510 51822 59913 53060 42530 76234 62002 86093 50129 
2657 19
83921 68893 20372 42175 69036 32792 36709 29608 86153 70935 66936 86839 12476 47663 60851 14268 46433 67057 24266 
3564 1
82267 
5873 19
97334 51111 34432 64148 11228 26816 10884 30683 52916 71845 49162 80581 45383 76811 68214 54746 31494 72106 25664 
5311 1
76763 
8530 20
88957 81373 96213 42760 82458 32631 99723 2304 27044 87719 59089 20859 11503 98024 5892 22968 26138 16064 53582 19448 
1234 12
41240 37480 63663 52546 51252 18424 75509 64852 63135 17433 92287 90492 
8678 1
9158 
1002 16
64128 75761 80553 53213 61038 9968 29363 43863 28160 38792 27661 51557 38278 45978 79194 49726 
383 1
67988 
5113 17
26672 9777 69790 96410 81601 83827 14354 21533 26368 87593 92685 27943 10913 69974 63919 70484 4515 
9198 10
68760 63255 80334 59003 98340 74088 70340 56094 78078 2800 
829 1
87347 
5427 1
70834 
5360 1
73095 
9506 18
48747 28035 82657 73605 55571 91177 13325 61131 73120 32320 2253 64272 24168 53947 54080 33125 52150 95401 
2798 1
28463 
2331 12
86018 79548 35191 67429 95845 82730 99841 7728 47495 77431 99421 78051 
3101 1
99413 
9871 14
87836 29061 80393 58231 63085 15113 92079 70576 17117 15552 84703 21955 1601 47617 
4177 1
96601 
983 1
22963 
1507 1
70437 
5114 9
83395 64125 19101 84008 17830 51753 85069 21348 39537 
7506 13
86524 59395 50423 8129 53271 57125 70054 97004 75419 64897 13059 63738 38236 
6251 13
43311 43764 41244 87309 80211 15844 77515 55479 16022 69835 85018 12864 59385 
2990 13
91357 96168 92293 91454 55196 19416 86907 29099 59140 1694 18740 66032 21894 
5918 11
17453 62589 69940 50371 20161 92538 84977 74460 94782 33117 6862 
8033 1
68909 
8254 1
42451 
1883 1
87448 
6446 1
69387 
2265 1
26519 
6698 1
29418 
9733 1
77857 
7460 1
82758 
613 15
58866 45699 6207 27843 30748 29089 53323 62608 64411 66286 3318 23127 98922 58538 1648 
908 1
4979 
242 1
20744 
8050 16
68239 24179 42059 70363 3975 93694 50751 18693 12728 813 37194 78373 63265 63540 36105 39647 
2664 19
47589 84514 80596 73448 30059 54995 57718 52093 96111 91693 57976 65434 39531 70202 73485 47150 31295 69525 60287 
7076 11
16937 90988 6424 18364 29780 38997 14181 18119 57314 56881 50088 
5200 16
66843 28276 3784 59035 60888 17045 98368 90506 73487 16919 60677 58521 38119 46191 60617 739 
1432 1
43667 
5687 1
71188 
2567 1
96368 
1201 20
63192 26759 16196 33482 91106 78818 28933 6471 34078 8585 4850 48464 93111 66837 58677 99899 99331 33588 84256 8851 
7424 1
32507 
9767 17
67431 95529 27427 20734 72338 51380 49889 87893 49839 84385 64491 25318 63897 87193 65146 18458 20073 
7098 11
7070 70642 92652 90624 18441 81733 95965 89075 72707 13858 33795 
9848 11
31778 78222 25141 38687 87308 50014 50894 66696 19154 59308 19846 
1521 9
25408 16704 33311 91929 26915 34218 22701 73574 13049 
6370 1
427 
1922 15
47480 28272 46302 78341 33006 13471 61330 66594 65637 56722 26616 10999 12422 72825 83563 
1516 20
7187 54631 86602 35392 6026 65931 28928 25096 26779 68551 88346 96431 89052 74133 38377 99725 21851 75545 25771 93938 
1661 1
85544 
5590 14
45621 6726 64380 83643 15804 61929 50886 48678 55291 82048 97946 20555 32891 95129 
7069 18
81377 16197 81575 50545 89369 4897 16123 81860 44616 35160 27194 21644 93345 52947 26031 46676 37184 85412 
7843 20
9526 9698 17796 31352 77573 42817 74467 38684 99266 5667 75591 15016 13585 44404 20265 31208 45791 3970 40070 40884 
1830 1
38070 
7946 10
36226 74419 45497 80630 36736 79434 58690 10678 4421 67998 
9250 1
40283 
7582 20
77684 71537 69696 47879 84906 37525 20934 47593 88057 1809 16226 91952 57028 74381 62470 29878 33158 48702 21340 82778 
6772 13
23500 95671 24112 88834 95512 19919 62509 45113 86445 46842 90050 75938 68161 
1873 12
83188 81407 14302 87217 29783 21409 96876 75354 92516 83314 89584 34416 
5202 1
84690 
8632 10
15455 80526 4011 56100 84600 43668 14281 77491 12150 57931 
3307 17
3028 19159 44376 24629 29291 60928 80457 74641 24765 62701 53292 43229 61555 95164 25869 68951 23112 
8409 15
16772 69191 10599 86197 30021 38887 59291 19868 65606 38604 56398 64630 98392 70955 82810 
7290 14
82550 82954 44059 40944 91738 55529 12415 29914 9800 33845 25441 44016 63589 70151 
8488 16
12162 45522 74067 52721 60544 84875 38326 12973 73183 91683 1030 7698 3389 69767 57569 69900 
9350 15
13875 86116 52026 53856 73293 21805 73452 85579 97322 43367 71105 35891 74829 12312 71689 
381 1
41769 
2297 16
32352 74118 54343 70960 6718 42504 20451 19238 72402 34902 98491 26037 61759 48161 5511 67018 
6805 19
63182 49444 87313 51279 12103 6252 85071 20240 7080 12320 96088 72651 8175 59020 83178 21120 83935 4740 5852 
2224 17
51945 41920 43924 12718 54079 99336 21346 58266 8599 84004 56122 63440 50268 995 90958 50479 21783 
337 14
60537 92029 12478 60311 44595 36601 92183 21105 2378 42781 90248 54872 22544 14332 
3420 11
37876 51528 67460 55407 64815 3386 11895 92850 56510 52101 57729 
8536 1
29653 
8616 10
38917 96194 68422 97818 65752 70430 38923 71062 75987 82814 
1348 17
90465 19371 10838 81953 13098 6111 65834 73329 27379 53262 58518 41574 9142 90943 39422 55706 56091 
3774 19
99852 87531 64044 18594 31987 16820 12810 74696 74135 39444 9862 78004 4848 35652 64308 62564 28910 50395 45267 
5830 17
19095 6634 72903 78890 66499 23539 88894 13259 38494 48468 72095 66515 72476 12702 78489 24291 60649 
7312 18
94242 12197 44421 58254 23031 24747 27440 61924 39265 28791 61897 12490 50617 18369 33892 49967 88202 62565 
2414 1
97573 
6330 1
73012 
3415 15
61919 15130 9039 68213 51104 74564 11174 5836 68404 56476 55114 10811 57367 76940 67042 
4068 13
73470 24237 79609 25918 64187 57186 72005 46190 48269 75385 93308 19220 53021 
2097 17
30639 59220 70408 99396 13950 72902 19472 71974 84576 12344 56512 35119 55915 95184 4479 36914 58614 
4277 16
93834 15890 88908 87780 46843 34590 59812 76239 50526 43436 41002 43504 1840 76576 5683 99806 
4899 15
92872 85295 80821 65691 9500 62154 74215 48682 76791 84137 27080 29330 24682 73846 86865 
4975 19
15294 4055 9209 32445 31058 480 59131 31660 67501 82202 44093 27153 34111 46795 95820 50453 8832 17712 77534 
9061 10
42091 6623 97493 6237 40717 34454 47228 36314 14719 97758 
1992 1
98786 
1164 1
42917 
2006 13
42790 88446 96323 75657 36998 94498 16873 42447 3964 20664 27157 79411 96719 
9279 1
899 
2508 13
25993 92510 73503 65240 88179 48357 90784 11189 92124 63695 1316 89656 41036 
4131 13
90919 98570 45653 27471 24381 41250 99152 45591 70893 4836 75013 30117 22028 
6995 17
19352 88527 82356 64793 36061 10252 59224 28301 7997 31004 31952 44045 59001 79584 65061 91388 95925 
7496 15
42372 65539 18581 1708 15189 32602 41918 72242 19343 83511 11057 42525 28470 79063 31034 
1548 9
7862 40589 3475 92675 97692 75022 55851 60640 934 
6794 1
3069 
1048 17
73942 48944 35936 2777 46095 40363 9323 36777 98940 93924 26530 51088 42369 94677 2719 80509 87605 
3328 12
66257 80203 7347 26713 68887 16127 70920 57902 12262 26667 47850 60333 
6143 10
31317 85209 30869 13865 92125 5386 9630 80557 7701 24134 
2021 18
23418 59167 74288 34561 78156 64069 81421 71534 37960 1843 37252 32198 71286 27794 35269 78468 12950 50373 
9106 17
11562 44677 44468 62637 55477 33723 97799 66450 37095 38499 15789 86033 88686 62653 16225 7416 1528 
1398 9
53546 75665 68616 71375 103 19404 71515 62751 99371 
5847 8
17810 13962 22096 21172 7677 22601 64299 9141 
6715 16
75926 94724 95314 67956 70288 34769 21077 96008 68116 92033 26822 49510 69349 3598 98111 1147 
8262 17
4437 34545 48142 60403 55618 11053 95669 77806 14172 48694 38939 13390 48070 30397 78104 54072 98408 
6025 17
57798 32999 7756 51664 79770 95640 22120 73040 60996 15234 30227 83520 10318 6027 69963 22909 55115 
5374 1
61236 
4084 12
22613 47224 684 80992 28011 63578 43610 41848 28414 7800 68634 37389 
354 1
875 
620 15
31142 10717 63067 27378 17004 51771 30153 75530 76139 53525 11351 33339 51858 52399 90128 
4660 1
6364 
643 18
55374 23442 84711 71602 99460 73064 28243 1126 4375 8537 87427 39678 80377 16021 36961 62582 65144 81916 
6826 1
56931 
3597 1
44464 
5912 16
55233 99381 4145 13665 58401 35156 36075 56772 96622 15943 63121 7871 88435 77245 17694 14229 
4582 15
25238 88897 60147 34486 67075 93482 79193 98085 29228 78386 23834 82478 36441 86592 52467 
5045 1
16030 
2244 9
67510 2579 64479 1072 81910 52907 86802 30155 41287 
2354 1
18980 
6588 1
42352 
4604 11
82423 39649 5038 98772 63847 2724 41997 12035 97600 15376 96775 
9406 18
61802 34427 5841 21811 50040 38995 61266 21450 99666 4440 37802 99727 90664 71155 98798 61376 99586 96098 
5891 11
45755 2756 9692 33983 48017 61238 36973 26637 89445 18676 25350 
6387 13
16104 24505 10865 96160 65040 36080 85082 78762 96352 47331 15951 98934 29687 
9540 10
76067 40796 3354 15348 69550 15073 99580 34381 22506 64100 
6060 1
2388 
1139 12
63126 1884 33173 51672 13159 59678 46215 41635 19263 24234 80578 20382 
5607 1
66512 
8186 9
75246 20166 54686 4106 45298 80745 38853 66406 78862 
2941 18
93261 26702 60521 83131 48683 39976 6628 74413 4640 88228 87413 66681 84005 23637 99409 39396 33092 15166 
2235 1
75038 
7078 18
13571 74044 83541 2187 64525 26141 73397 65959 94088 33797 29359 51012 64421 6535 61642 43578 37913 18627 
2079 18
18985 49369 60294 96654 87837 87813 81842 65350 10174 47464 22275 24382 13037 3333 87657 58472 49627 82091 
5767 1
49950 
6380 1
80477 
8665 15
37733 11950 45781 28944 39045 70889 52747 41039 77940 38066 87357 86722 19430 41158 23743 
8417 14
34207 52851 90421 59672 48496 52090 69505 54051 91406 95160 84194 5554 15806 29388 
2842 15
38625 64561 82656 44434 9960 36178 78882 86651 56372 4957 35245 35329 63993 63719 70850 
930 20
50122 62830 77709 60154 64593 24536 30940 69882 68671 98123 32075 64149 24066 8878 31670 68975 55988 76659 15374 69252 
3473 14
29757 2789 74712 34460 32208 87775 89557 28388 16736 58628 97635 56850 23666 95151 
8796 10
54729 48241 73999 17115 95709 79176 5834 83000 94930 70427 
9432 19
89583 81542 69921 17858 29522 42127 11793 2249 34357 98418 56335 16250 96975 76675 95835 43546 36104 1915 11634 
3463 1
4164 
9855 20
51479 2999 56073 18568 31629 14014 64392 94033 69233 55738 45533 84226 89198 74200 21342 34698 60258 83257 24583 79077 
9795 1
34002 
3607 14
26689 56818 91775 83853 35202 27064 33124 53176 57568 76851 44785 3480 29078 71238 
8809 11
48815 21474 60339 42431 76208 31367 52657 2082 65406 96813 57328 
3109 10
5398 50905 93747 84480 70931 90908 52392 89613 1094 77712 
1565 16
19907 82383 60497 52008 94823 85015 71487 61342 91398 32549 5130 29635 72597 96150 97056 21345 
3124 14
99456 88888 57835 45851 24803 31431 1683 4303 11593 42065 7441 89360 99244 79809 
7493 16
52915 79072 78279 90439 85267 50461 48977 26660 99864 2100 83598 93534 90060 85796 87541 7072 
3865 1
22710 
1973 17
24433 5102 50348 28670 65534 94800 96683 55929 14394 68673 37676 27527 91268 94537 28074 89391 65802 
2608 19
54742 99212 54180 94767 86940 49034 63594 36745 70583 17701 46504 54120 56123 34119 37863 11918 79658 80164 36770 
4343 10
14267 98181 7638 27144 98499 6854 51840 30423 2801 63682 
4381 1
54841 
1296 11
95991 28937 9005 80466 88340 84642 88752 26826 45191 19174 95303 
1778 14
71627 51003 57572 97633 14180 37771 18685 44766 18335 98875 51298 68698 8363 7926 
3334 17
49268 95596 87949 78535 8390 9662 74193 86180 1165 70502 25209 3390 67012 66019 28291 72123 52459 
3837 1
9470 
6619 1
11694 
9963 1
9928 
465 17
82793 43614 666 1139 5493 48125 22169 43640 54490 30843 39961 11588 32334 57715 4418 36875 31246 
1638 1
89528 
7021 16
58903 86633 78444 19902 65056 8126 34954 93967 15673 71094 69638 14586 66024 39880 71524 84776 
2916 1
83837 
3892 18
86775 42265 62900 71082 32622 87941 92764 99035 36386 12462 67317 80893 94948 20053 98800 53692 730 22403 
9285 1
91577 
2058 13
89966 20315 96608 37058 85397 58545 32764 9370 65925 80998 51763 36073 19708 
2183 11
38033 28341 32379 12011 80739 74710 26920 28438 97653 88653 98029 
3370 10
70702 63608 42678 89549 11541 22251 26142 55538 11899 84713 
3623 12
2417 18974 13622 23510 51326 75668 50416 53344 74106 54320 89642 56935 
8309 11
87002 42085 30968 66856 98974 38327 57734 32245 79288 46184 70486 
945 15
33554 59483 73256 92601 70182 19221 61938 54232 99617 46515 79334 62066 33302 15560 17173 
2509 9
15991 42915 72907 99990 2006 16645 17423 14228 44888 
4473 1
50710 
9986 15
18829 92716 3996 7492 48586 67087 85635 48409 13568 70134 59227 53312 27290 11635 4568 
5785 1
55510 
6940 1
42102 
7500 9
48307 31745 25851 76449 55 88140 57236 14282 62579 
4038 13
46822 52765 49080 81515 42005 55901 75852 28298 42184 8676 53368 46611 95365 
2467 12
23946 55542 5245 79469 79900 59639 70304 27827 31267 85154 18572 61611 
5013 13
1295 99669 74804 94655 96735 39938 12961 74158 83357 33940 64550 83254 94442 
5142 12
25283 72353 89850 56963 85622 98935 94670 38870 94091 84764 72067 21438 
1361 1
24193 
5167 11
81952 36994 93693 38237 53574 46379 62964 91696 72007 19003 93921 
7099 18
50485 94394 50093 72976 24441 30175 92480 55683 42133 44858 43684 25972 17825 87543 87568 57840 80436 47399 
2537 1
64285 
5798 11
41195 48048 23591 99945 16994 58620 93871 42982 17308 96481 5857 
61 14
26401 30734 81777 91434 10448 91850 17897 38128 4280 83635 26630 270 99911 22628 
672 1
88872 
8828 10
2725 20517 73633 32078 60793 3074 60340 8643 98048 54634 
500 15
98148 91652 22260 58655 83347 71608 99206 94222 22226 53816 25274 23993 66310 65414 78037 
1584 1
20516 
4606 1
20684 
6228 1
4185 
2923 1
51640 
6669 19
96915 67049 35314 76938 1889 92111 23109 85615 77258 13095 3242 1901 59832 38592 70627 99363 83505 42918 85781 
6674 13
44386 72304 11738 53115 69507 80511 32297 11514 39489 84547 63865 33970 86425 
1538 11
42143 47429 65580 26690 58325 41813 18017 28339 89539 52573 68919 
5888 1
363 
5895 17
98518 32811 18396 11231 39803 10235 24176 93298 23350 59011 76260 85487 26288 48597 46911 70738 41462 
440 1
92904 
2019 1
65795 
3459 1
87562 
5438 1
89930 
5475 1
78436 
5851 18
21555 8445 12513 95728 79965 87530 45502 16980 21719 99002 3163 17291 85653 35601 23556 56563 3982 21720 
1122 16
39662 1885 16524 61361 7037 9959 69073 35032 90466 69606 3419 11366 77572 11343 5258 90599 
2672 8
44652 33951 91066 54642 27729 84731 68276 16339 
9724 1
9593 
7474 1
96179 
1028 1
88525 
5177 16
62448 65536 39707 87343 40640 40377 28931 40825 97785 55279 35665 98745 31518 93683 37729 12620 
2470 1
63724 
4445 16
60268 77720 63365 56712 50809 73055 96486 32619 73735 59127 43752 42766 43633 14088 86879 62825 
3022 1
88733 
3954 1
26948 
2943 19
56395 89074 61497 44522 4916 14627 8051 34734 35038 38998 10040 42824 36728 90985 68857 48077 11954 68429 19155 
9534 1
812 
5100 16
32501 3664 3095 65914 57302 90513 88881 46790 736 75251 8513 81289 70299 3203 96189 63229 
1349 18
11511 63894 22375 82237 86640 50069 44508 45850 8164 17539 75381 75694 74174 32056 94002 19353 28366 42110 
7594 1
72978 
8587 1
4685 
7466 12
24447 85827 13826 13300 71446 58751 38969 16046 92083 39625 87747 20898 
6899 1
95073 
3289 1
50625 
3212 1
88836 
1189 17
97821 18505 27803 822 96492 92432 45900 4207 76647 79407 18054 95218 24042 87032 42713 15220 83259 
8976 16
10516 6077 12849 78872 11277 3108 33228 43847 935 64180 7834 99108 99779 89239 82073 74851 
2520 1
81415 
2919 17
54171 86866 66105 36354 2194 45296 26334 43217 22673 37464 36953 92778 832 41339 43173 22402 35907 
6153 1
29233 
248 1
42868 
296 1
18353 
417 1
47041 
1453 1
15385 
4019 18
73502 86048 93507 75900 46896 77622 45883 57610 68577 28194 17988 97287 24748 97352 8242 11158 70984 22638 
814 1
41032 
1900 1
74098 
1907 11
32833 80149 60202 46720 48874 51976 23642 20878 87661 17083 99838 
4614 10
92694 32798 80231 38614 96201 76366 11040 59414 6797 89416 
4951 1
47056 
9692 15
53196 12574 17138 59362 90107 6893 70740 89000 95232 38246 94674 45235 44492 991 4046 
4148 1
55818 
9560 1
33354 
7713 10
2676 87456 40319 76137 12043 22803 21411 26360 29200 95984 
8933 1
88991 
7737 14
99172 17918 46327 95552 77702 76706 62385 83212 13038 73796 12538 91654 32276 14995 
8563 1
63806 
7452 1
55173 
1506 14
81939 16653 95044 38992 45517 76033 11935 10774 35612 98002 63896 26680 32575 87382 
4830 1
12587 
8861 1
26234 
1137 14
53183 94733 49964 73122 38498 15617 75813 181 41013 89486 49198 86110 23843 32799 
1176 1
35942 
8518 10
41806 1534 48724 38231 85977 56852 11461 22438 92374 36836 
7217 16
90888 96348 73827 50363 30053 10306 63234 6572 60144 52813 81395 39816 43719 29793 26071 28172 
9748 1
66583 
3331 1
87848 
4710 1
85880 
1086 1
76487 
2598 12
85206 77400 47813 1537 27840 64464 69476 30837 3615 72870 13580 81761 
6291 1
39249 
9773 1
95875 
1978 11
38207 26571 76064 98454 25345 37793 46371 39689 98923 14277 92074 
6396 1
14039 
6558 14
13742 63398 32443 38168 92593 18817 55430 20371 8947 35358 29905 39113 1310 57102 
9315 10
66798 2485 6 915 57019 45363 32713 13578 96890 85557 
9959 14
96191 77174 9752 98864 26480 44815 6915 20609 14715 4214 38560 58183 7285 52749 
1940 1
83694 
4058 1
55020 
2844 1
45857 
5292 1
89811 
9550 1
62549 
1244 1
9198 
5050 1
99354 
5179 1
21367 
8965 1
7337 
1226 1
64032 
3536 1
7099 
8569 1
86805 
7291 1
2913 
1559 13
49428 57844 13735 48838 32310 44809 51878 90715 94008 83093 21448 91615 52328 
4393 1
23274 
370 17
72080 68900 4267 29325 21353 96575 32555 32684 94177 48966 63098 46210 12080 99380 60985 66522 18799 
7285 11
26738 73564 40018 69891 63576 89313 83724 24772 65547 5389 81492 
4463 1
83013 
6821 20
95339 47392 65710 99232 30421 93884 64475 36401 53296 40734 2614 82842 34765 40424 74059 6120 85849 38721 13254 1631 
1316 1
31724 
5565 18
72878 3209 68023 70688 77462 29798 66873 48934 4315 70730 91866 64592 51182 5639 39586 95217 56005 79310 
5123 1
73875 
9600 1
48526 
4750 1
12153 
2100 1
61905 
3162 1
44136 
825 1
62630 
9153 1
2358 
3740 1
77835 
9163 1
9077 
15 1
12330 
9265 9
33298 91487 82736 53397 67953 68331 48707 24823 58858 
3186 18
5550 15814 60091 64921 63734 13938 11697 31037 68807 12170 96963 25812 9898 33520 37262 12675 4252 15050 
4284 16
95026 74488 40266 55489 79590 94524 84059 72299 23103 37144 79501 33387 20698 76024 39219 91306 
4637 17
89342 96659 36055 78679 89102 50684 28299 54237 63609 20123 67409 48895 58115 16353 46712 95262 72198 
5760 1
35401 
9349 1
2822 
9539 1
95592 
1855 1
9069 
703 16
36614 97238 45427 86055 75982 66951 49338 73048 56745 10282 89033 49317 23091 79756 70286 39014 
7555 11
49271 9913 98853 80645 28735 59433 34991 62262 33388 31057 93960 
1676 1
71950 
2783 16
14714 7560 95945 42792 441 63986 76368 71281 50528 59093 52842 17055 93047 23568 85089 56288 
5491 1
13346 
5484 1
72129 
7534 1
23357 
1520 1
34953 
4667 1
91153 
3414 1
28869 
3678 16
21110 29646 82683 74726 53732 62688 7032 59509 47403 10529 76329 89351 78677 85429 79816 61464 
426 1
89569 
1123 1
62034 
2109 1
9177 
2147 1
79979 
5321 10
30320 16748 43115 29339 41430 72665 98558 57305 47769 29741 
7899 1
1187 
5254 1
56823 
3352 1
94089 
4278 15
25418 71572 72711 95136 54399 1017 89993 71948 86558 84134 4872 67135 20348 60842 25988 
5227 13
40790 33407 74622 62742 47732 83714 20469 93187 46717 7672 81167 56598 25082 
2339 17
69216 48621 88562 676 93801 55998 13989 65811 16402 86162 82212 98479 31604 5851 73062 84827 63521 
4677 14
89654 43563 72469 71682 96475 28087 13292 12029 5862 53479 98754 21688 86628 44563 
5995 1
75261 
6484 1
39787 
8259 1
5506 
3243 14
91479 20909 88483 90145 23264 85091 95605 85995 86477 30365 36767 81520 87999 22565 
8923 1
43674 
1268 1
80268 
1737 18
24216 28258 74518 7610 11483 18610 7055 10209 35667 75599 96574 63090 41108 39513 1912 75184 38352 75169 
2047 1
37522 
2585 1
17454 
3167 12
53198 16768 62826 50490 12102 54201 24472 46728 38722 65740 45937 87752 
6763 16
41581 39160 47378 31959 79299 84762 33409 65348 75245 91995 77733 34547 40343 91707 50338 36512 
2959 1
52491 
3034 19
41881 91869 28057 64825 97841 1035 70245 67044 69266 88522 47277 25349 50059 65198 64024 45572 18416 86482 44302 
4026 12
77408 94401 79079 8548 86359 25243 9852 57601 97985 398 15377 11163 
4374 16
32556 7662 91289 36125 86257 77843 83665 84396 5748 65200 76539 23023 35776 14610 21304 8107 
5117 16
99375 12315 4056 6466 3822 81352 47619 96074 84432 99343 94198 18535 23603 57577 24745 8709 
4713 19
20958 79089 4500 6256 70362 20393 42024 86903 76521 55232 2430 15233 344 18798 47016 15110 97498 7840 16018 
6743 14
54489 37829 7377 7930 49522 46518 5617 63411 30014 32687 86606 54070 28607 44681 
301 1
27535 
8338 14
1492 2866 55329 39620 21354 68732 43634 77152 12663 26755 50955 92112 20665 51741 
1345 10
88362 31986 51800 91428 52360 59885 94509 82341 23559 42322 
4972 1
69628 
6980 19
57447 25220 10247 18909 92148 95986 86902 57681 96257 52865 23837 55463 37419 5817 40284 46236 5705 345 53205 
5532 16
99553 58431 4594 84803 70554 64219 76154 9624 56444 75618 77124 20449 36759 45150 8841 81458 
7977 17
13108 57517 8250 73858 52968 8182 63465 81155 9618 85101 1113 22995 60431 95919 58806 98237 16514 
7650 1
3584 
9787 10
5200 4320 89953 10729 2616 7021 9694 22920 10500 15218 
6377 1
9806 
9638 12
45336 937 62090 84531 4281 15986 55763 68397 53284 54948 61154 655 
1499 1
47232 
3008 1
75415 
7010 13
76342 3374 88013 50049 6527 33506 73618 84419 76992 32844 9494 7866 36326 
835 10
91543 17674 41540 37860 47344 80918 52667 50444 48122 1114 
1551 1
51535 
3265 1
37816 
6902 9
71819 12745 97707 55892 89815 73429 96365 2063 66272 
8363 19
75160 4338 10067 12905 22066 21268 58215 52197 95698 17958 21457 19297 86460 79757 421 13267 77027 24495 8218 
416 16
58698 71411 348 61397 10280 80870 97542 78548 84065 57140 85782 27052 96196 82929 1508 19674 
4434 12
90926 54041 76501 50089 95613 66710 14462 22448 52445 61601 90285 26596 
6250 10
22583 86311 3338 79149 68517 77964 83285 42263 66498 93367 
7885 1
52488 
8912 18
9206 51355 61440 31202 69852 23631 24608 51469 67082 11771 53735 57032 33840 37555 74752 76800 5735 36219 
215 1
85451 
6886 1
58564 
122 7
13385 55902 37843 78834 98090 22078 47800 
2293 14
66863 56425 92725 88376 8227 73439 34447 89524 61567 9744 45466 43317 61028 98604 
2394 18
34607 36193 29201 95029 63799 6758 40639 43263 73569 36757 12871 83514 25967 1998 96142 20575 47576 94214 
6736 8
33980 88797 62677 63766 24377 7372 2769 97971 
4451 15
44298 86801 24661 90999 18960 76468 79238 82748 73767 27989 90828 9740 68683 73365 35019 
4954 1
77046 
5289 9
88023 56230 62287 52704 37565 47566 66836 24795 54067 
8232 1
13232 
4801 1
40202 
7177 11
7818 79707 91994 28825 41812 41307 98723 37924 92866 2230 3402 
8139 1
69867 
9625 10
20165 90557 80192 1025 66867 21114 27580 65021 98953 42253 
960 1
81617 
1360 1
75510 
4316 1
35146 
4518 10
36700 678 58567 81118 11641 18902 835 2404 20916 13817 
7969 1
84120 
9126 1
87725 
1923 12
9757 40123 85162 23612 2883 71859 26537 45187 58861 98448 99277 778 
5936 8
10349 87645 54030 88899 73646 24757 74687 98471 
2252 17
28909 12246 61904 68416 14864 37181 98116 94128 20491 6297 45813 43402 98399 5275 75086 54837 48674 
4320 1
42132 
537 1
25397 
2504 13
70525 86931 48916 370 34013 67989 53082 449 33155 56410 83227 24035 7223 
5634 10
95198 50298 83678 61670 32468 43723 13400 60989 63947 99710 
9221 1
93774 
6433 9
39715 95832 43014 20039 5910 93327 50867 5961 10557 
7954 10
88317 19268 1340 66778 10657 44258 154 96374 91676 38185 
6572 1
59309 
4359 1
44374 
1394 19
77041 1096 39712 81438 24054 94512 7515 63950 15102 54932 15018 15424 88850 2359 5295 31292 62801 66090 11683 
7721 1
34319 
2928 15
12157 97630 63149 31414 84448 15036 16309 82132 57257 16159 67282 77931 83392 47749 18109 
7770 16
21420 79058 24312 85119 99518 26233 8627 91932 18641 36542 67958 41381 47936 81669 45775 88979 
3520 1
93530 
988 1
25124 
4669 14
47499 10928 97651 20140 80104 7570 33474 16777 97200 53493 50155 38851 51957 70364 
713 1
74248 
8898 1
92841 
75 1
72551 
8596 13
65049 79440 93937 60826 86927 67120 406 20468 79197 51627 42215 61628 65859 
9442 13
1120 92568 42149 93120 55842 85227 8825 36637 67455 14671 60780 1360 19166 
2162 18
34879 63614 49668 84861 31401 35593 54504 54155 93034 42376 17961 33165 31645 44531 66269 81610 54449 81932 
8848 11
23014 52782 88061 36789 15262 24353 1925 31345 86294 75239 86770 
6097 12
98357 63509 38616 14363 41185 87914 16167 64795 99438 76511 67265 43238 
2510 13
88952 410 58393 20151 70989 68356 51299 19813 94567 36151 39652 90510 58544 
456 15
7165 94108 41921 37620 18127 66596 60387 53796 44679 55689 9380 87689 65439 59989 18385 
9429 15
13900 70552 66779 43772 73726 45939 7413 59323 88954 90446 43984 88304 21221 56724 78376 
2887 1
36666 
637 16
55018 76310 69260 63248 47643 31175 85689 76965 33750 53337 57881 27172 40066 81280 86656 36630 
6760 17
76560 950 55649 55458 18940 84077 39307 10514 62767 58782 44692 85057 77028 92406 52244 65570 98616 
2721 9
6677 58561 51831 20963 34744 85313 91923 7218 62891 
7039 18
77918 42519 50114 27978 70713 76407 36815 42126 77076 35573 72967 85555 98041 27899 83474 20064 67834 91512 
7242 13
5790 47557 7775 87552 91208 9035 20262 66897 91960 11983 87815 61358 45620 
3557 20
13712 29299 63197 78521 10628 1414 92543 88257 91890 73815 74202 49773 68202 67424 82178 74924 46084 72189 48606 32255 
6585 10
95266 47115 3145 74371 96872 95885 98000 69992 99268 94505 
1686 16
15568 43095 79064 27587 6033 98186 84104 51828 85775 8722 82258 29562 81903 71881 75853 44011 
871 15
90507 50882 20631 68576 52377 30799 36114 20914 62292 11116 33691 94721 27474 61630 54053 
8025 12
89138 12329 64190 24977 1439 94355 86652 60747 42969 14159 95861 98568 
8374 16
14795 25927 52819 34529 30673 61291 81036 25691 34899 65749 18178 23392 3224 36979 40208 42072 
3407 17
56627 10902 98202 44095 76951 49376 15630 62572 48469 83592 60096 32395 13860 69065 52696 79535 1747 
3622 19
12239 76681 75569 66237 89331 80674 44900 17060 95080 57909 4741 11707 1945 73330 17987 90636 22725 42567 84960 
6486 15
11390 71116 69965 83365 89846 62904 44642 23532 66215 6411 91195 47806 91344 46936 9782 
8876 12
14071 17359 22307 9214 68047 22160 64164 58226 42385 18218 22853 39515 
255 1
34142 
6931 18
87390 18835 93251 23377 41818 73187 65683 48385 90877 93763 67252 27447 42516 4312 68001 57961 85003 60052 
9083 14
44722 87954 56694 64502 86690 83883 6584 73373 40282 42921 61835 88035 83084 59202 
1401 1
36831 
4828 18
30359 28147 19797 41459 91043 94398 66981 54907 21408 51609 91838 32776 24202 44288 80928 18825 45350 11114 
6084 18
34816 21830 40142 29120 70603 5947 81884 83085 91466 26978 69840 37595 75328 82735 80020 24662 49700 41715 
6752 9
75042 79713 1898 10413 9358 79282 2912 39855 4730 
3862 9
71775 92766 17058 68792 13943 16396 49033 44330 15225 
8381 16
35589 71304 80165 1217 60797 57847 4713 19668 88359 67433 77955 73556 65589 35758 31023 79498 
1732 16
20354 13456 51465 69460 13721 36969 81321 86390 35228 95742 66346 79532 36844 83200 59602 85095 
5745 12
72115 61928 27806 87861 52776 61327 87420 20016 49893 50062 56339 22087 
1759 10
78093 10298 60003 64819 93292 13082 67116 62170 27616 83614 
2614 10
99384 77377 88518 23991 40388 87271 15353 15457 25308 57051 
6769 15
26607 90677 17968 27316 57011 42007 94055 45307 45981 72603 43023 23487 99340 7510 14492 
4556 16
64604 15115 54089 43049 32157 64985 36222 87866 972 91644 76785 57800 45034 40510 74165 33926 
5678 14
6247 12407 70244 74391 14000 46381 16922 91130 24480 1690 34966 99348 93478 64207 
928 15
488 16047 43078 46933 20221 28534 28109 89887 63385 507 919 14961 81869 66655 30920 
1529 19
41879 87517 25606 41228 72008 51543 42523 38199 77662 65288 6554 34145 4901 87482 53440 9994 12962 79966 41270 
3906 11
8468 49262 87685 91591 94329 83516 36478 67311 45066 1949 6030 
3963 12
77271 40175 84695 86171 38634 5135 8815 2032 46136 40951 14372 44899 
7785 11
54677 59501 77242 46623 41614 35794 59837 4026 22157 72110 48557 
1448 13
88725 61385 97191 91418 92889 95566 88507 14370 45990 53233 52876 45379 46160 
3128 14
88021 67020 40186 81527 36617 50377 96054 60198 20388 45531 67480 25896 45471 66658 
4633 18
38658 73972 51555 1542 55488 20706 77396 26653 94199 15868 48799 5107 542 16914 68795 78025 16590 27747 
8194 10
64145 2214 42087 36780 43912 14162 17510 16185 97350 41767 
1173 15
92218 20153 78596 16426 38468 80006 76253 3757 61286 43022 16136 36425 98061 14082 28558 
5823 13
62045 49895 24400 79718 38145 55451 73523 9684 86849 66275 88220 56423 13532 
6179 14
30428 24006 45439 3457 70967 9572 23087 52398 9863 63008 42006 28605 21339 86007 
8410 13
7464 8778 19851 41204 43529 36434 14333 57785 14717 8529 97218 20924 59705 
8644 13
23452 76680 73627 22724 30861 51062 53074 68386 34444 35464 89898 26767 34877 
728 9
71631 57477 99924 5031 17456 5940 44705 13816 20376 
6766 9
51063 13814 69993 21374 93761 75920 7636 16929 75995 
2014 14
40581 11824 41020 43259 76869 45155 71397 42773 47527 4331 61722 10426 895 78708 
3172 12
96240 71744 49452 47058 64521 9062 63434 79747 93592 43269 11291 60034 
5318 13
32258 59135 77232 94052 8678 66705 35842 71731 34553 36895 37444 37329 38493 
7618 17
48935 98975 97723 39981 43386 75698 43327 79692 34172 96030 23735 77323 35632 172 62662 67558 63405 
1541 11
66921 86216 52855 79029 78420 36213 29962 33129 50924 78308 34350 
1557 16
23157 3194 24504 5543 13668 657 60485 11168 8127 2858 69284 23294 5566 64895 49134 85028 
2974 9
44150 80041 59990 35412 91679 60700 26510 22104 72919 
4742 16
87984 13207 96223 22189 79458 40125 56443 10573 93082 1743 31598 71519 71030 31916 19146 45484 
9239 17
12123 24764 6754 6812 35547 86429 65093 93009 78515 73807 75646 25718 95095 34855 52478 97260 55016 
2317 12
66434 10806 38890 61382 87402 41224 60074 32673 15438 65696 70890 82056 
2926 14
58374 54429 43807 65807 71063 40328 1535 3508 73405 40243 38518 79790 64459 28810 
3818 18
40684 77664 79850 85029 21513 55017 68854 84791 825 98521 96670 88240 37897 82884 24980 75954 36133 30574 
1387 13
1764 7146 1750 33690 83555 69293 82649 11485 87865 47004 33853 69901 47755 
6317 13
65067 55362 29715 70562 5059 51179 16788 26906 21401 49760 91565 34123 14393 
1133 20
67618 24559 35861 6023 48670 50898 23940 20708 80544 84375 87020 41188 22869 28103 20269 23045 4635 89093 41625 21741 
5790 11
15165 87615 51209 16647 86630 13673 45193 24368 58654 575 77699 
7718 15
56013 81664 78201 43357 60428 38221 40897 62902 45232 62446 87371 27298 95154 35277 68845 
7846 12
51674 93122 810 92497 72941 72588 6579 29058 46209 73347 61950 73521 
490 12
104 44257 30696 53040 88188 60348 737 39605 10519 97000 24207 5411 
6379 11
2625 82284 60987 43814 93571 72932 85574 39512 57692 25188 46724 
9726 17
65068 25351 12833 97996 81474 887 90017 6513 42702 94382 34124 54185 14611 47767 50 97216 39494 
7144 13
5314 37322 18744 33668 14823 10946 15389 1796 24640 5652 2316 31277 24144 
7536 16
95902 13067 98889 79130 35450 13087 10503 81698 26634 87718 29614 51572 92010 96573 22678 61391 
2876 12
29366 42288 92305 93202 14557 76590 21898 11362 53580 28551 69894 72468 
3258 15
99284 40100 29180 88380 54329 4559 12543 71469 77319 63097 30095 57657 48024 45434 95274 
7366 17
21410 62596 17681 43530 71278 19856 63615 50284 31079 99933 74171 37221 8121 70600 97508 36123 83223 
3795 10
16388 63779 7354 3783 28233 560 93681 72062 80409 73797 
7302 12
95949 4551 37237 24210 91896 53737 76795 98405 69412 74549 15124 90996 
9096 11
95825 91376 37455 35543 41134 83646 22767 56082 37806 85824 38478 
3553 10
64438 34662 10148 5665 56077 85269 17902 50288 77845 18201 
4676 12
11921 58308 12589 52489 32880 50741 44846 59718 19836 51827 48092 52453 
8419 15
33156 98984 19745 55440 32676 74516 11972 91336 25113 74227 25460 54900 81425 97499 33623 
8659 12
36054 46930 33893 50837 70857 71598 28136 57540 79943 50421 74354 16263 
8824 13
66680 4865 56839 86449 95888 42049 87239 20000 22004 65461 35200 10212 49785 
107 13
48205 79550 52031 18315 11806 11429 92509 13672 33607 50847 321 2626 61850 
1455 17
57348 12021 1861 18743 69716 29948 21744 39597 26347 84335 49498 83228 49776 19662 42826 28648 75734 
2427 10
93108 2173 88118 20810 20418 28599 42610 90369 69666 43798 
7138 15
47439 24225 19413 66007 99033 16466 25850 12121 44269 88223 73773 35017 80141 1335 98936 
8519 17
15364 76034 45773 82029 5406 32655 85292 35301 72958 3815 90641 68342 69270 12015 42595 28883 21247 
8793 11
56029 14752 20512 52159 64717 58865 81521 40743 73535 80599 67518 
1561 16
5669 37006 71237 27889 9880 92091 16710 90433 18027 37612 53032 30326 38789 16984 92126 87458 
3962 13
74529 25172 97899 62747 83948 84159 20353 80896 65945 29084 20584 57824 72827 
1679 14
96725 68538 72933 20174 57066 6282 19995 25432 91367 89694 90049 28976 51344 77193 
1682 11
4814 64179 95196 53116 21978 15285 78983 71806 3620 30759 67791 
5444 15
48021 2622 20854 53417 98166 48914 84560 6503 47063 61132 18787 65462 3652 18930 10256 
3767 11
1089 81517 85214 48637 78158 30125 63332 34176 88197 40631 32577 
3884 11
79821 48563 12359 33648 35026 29028 48650 63567 16854 13120 67465 
3993 13
56292 50285 63237 92861 21837 90129 22861 47019 58199 57768 43520 4313 60365 
5091 16
31388 39856 79615 12683 10382 28866 21570 44496 88734 28304 89906 69124 57384 25414 8330 38037 
1318 17
95654 80494 10334 53550 15196 57100 49411 98679 44748 97398 29097 31460 61901 55870 30334 99962 82763 
6196 9
37236 25940 20989 29026 44530 43207 30080 91079 27731 
9275 16
54384 5993 46024 24056 74937 52454 96342 96050 55292 84400 81883 27217 44588 20719 68647 34618 
147 17
37740 53926 25669 85475 68662 63425 37898 35845 77014 19749 55169 37483 94927 14550 22178 52718 10586 
2687 12
10290 75463 26687 33440 18487 4658 74329 55575 30789 22525 53638 73845 
2286 10
77774 44449 51610 67637 34977 28324 90105 97300 16365 36406 
2714 13
88095 88007 18199 16027 243 52974 77069 30171 61915 1865 20559 38324 4870 
6468 17
84678 5418 43956 12308 70998 6743 38772 45359 2730 52653 33024 60710 39842 68680 81275 29476 85490 
6966 12
15390 31074 39549 60597 94353 910 38473 16670 19073 60828 90600 5047 
8841 11
72659 56422 68411 90949 17203 51934 60487 85002 33631 36520 20256 
2165 18
31359 34105 15537 25994 66297 7075 34557 14905 58770 86229 5751 30023 83067 39897 31140 41707 34551 42089 
3978 16
64383 8031 30858 37725 79777 16469 92462 63814 97688 23535 83202 22060 14252 16539 64152 34379 
5697 19
80194 85458 1121 70873 31031 20694 87577 71978 15736 64853 95299 55750 27942 22237 87279 24566 66684 60488 46481 
9689 14
92443 24717 99039 52173 57232 41822 20901 99959 16618 25065 99017 26460 82941 52717 
4891 16
4167 68083 42432 28857 28246 45691 49811 38593 99788 23732 28267 74078 35489 95816 23737 4718 
5996 11
82015 79553 57764 68575 76764 53352 89268 17702 71949 43453 73667 
6535 10
87029 37635 73654 90022 58169 85998 82449 86490 47292 41789 
8260 12
43255 92119 63560 75316 81941 87805 8391 83122 2337 47005 59725 35133 
9460 11
66906 3868 22338 43007 19632 60724 72555 87181 10043 27752 87693 
7832 13
78646 24496 14872 64794 72378 79924 47075 78684 77079 53372 94405 11811 99004 
486 19
32434 31791 70433 28477 78122 77753 16438 97830 35600 30785 74082 62384 92546 57487 21153 17824 1886 4790 80033 
4977 17
11548 36862 65947 67010 63297 67647 28157 16293 49185 50638 76211 37896 29970 90518 11224 25892 24860 
9182 17
58196 37440 44973 53019 22630 70878 93808 69375 58359 85098 95891 90879 74689 30453 52385 90723 70696 
88 18
15842 95943 16004 9925 71517 87879 96717 8235 16584 42841 92257 30039 83567 64710 85299 2478 83687 13921 
1812 16
85113 54479 90159 66766 87679 89741 53322 40192 52135 26813 81393 97811 89310 78702 65584 78892 
5006 19
64415 54828 54408 53649 68314 25614 95257 21514 6050 30427 35815 12938 50106 57867 76702 43268 18289 46101 39830 
3711 10
20217 17726 82492 16800 95741 47876 64302 66276 34930 8848 
4275 18
32042 47970 99148 93416 70417 2809 80800 60857 98905 92110 21220 86342 71821 46631 63686 95189 80892 86091 
7675 11
85964 77706 5850 99209 14065 12789 34838 46083 29126 14534 19896 
9048 10
41335 24196 76152 76919 9139 81440 69244 87990 91713 51399 
9574 16
32523 23994 65428 5934 58606 46276 78540 15704 30215 2343 28041 99574 62810 10510 59397 47383 
4855 20
85241 96900 46226 51015 48909 21275 27092 60112 50795 66955 74976 96302 44135 68090 49002 42704 1671 54726 61824 61253 
3882 12
14591 69472 70321 96397 11716 36839 40561 97302 49323 19096 15361 59879 
7891 12
83099 66737 57205 33010 67803 41779 43999 60282 76030 99078 41438 35030 
8195 14
26262 76655 51613 32220 67391 90303 97797 59750 71783 34166 38674 77990 1533 3200 
8795 15
31898 30617 20115 34827 89427 81608 11887 47816 7588 19282 51607 72714 75616 35653 33606 
5692 10
76023 54138 46475 26153 28770 28546 30476 75441 1091 94421 
6341 14
99801 13191 45482 50354 33842 65179 11775 88964 16889 47705 30680 31193 63048 99253 
9958 13
57271 20595 74683 99344 82858 98420 28942 14419 23141 86319 88166 1314 80897 
1886 13
76267 24943 77196 19375 90527 18501 23337 69917 56011 99025 32430 27423 16148 
5898 13
51494 12555 23854 43200 16144 9443 57453 81719 54812 78049 31252 18042 73831 
5956 18
57377 66314 73217 83263 93419 7784 61150 92215 65480 1566 18497 62969 81811 89882 34372 51647 23111 33959 
8123 10
31283 4397 94174 20601 22643 25291 81466 43034 4213 26240 
9643 13
74217 10389 41542 9887 89827 20495 7922 52650 63647 77608 38126 80901 46820 
9621 9
85358 23291 1056 30834 76835 94350 18254 55975 84171 
1104 13
47255 62150 91881 77783 3022 58287 69450 3806 71384 94172 92947 55890 17348 
3152 11
44714 48423 50598 10018 84410 5805 98260 41727 22019 1180 10849 
3267 17
19951 54747 32751 31974 73566 16456 21116 6432 34595 74437 31347 37906 91120 74502 61801 39327 30344 
5950 16
78148 30523 64882 91878 39675 42850 84196 63389 1357 3008 25452 13810 79797 2055 14756 85222 
7400 15
89982 57596 69153 55175 63989 17790 34825 78907 7689 81389 8590 61739 69903 13517 29435 
1717 12
70544 30082 18282 63071 64919 27712 51369 69813 21343 39173 4069 87759 
2402 11
27663 12370 56326 92810 22988 47570 2946 35838 26911 32211 17679 
5666 16
37384 57402 57680 61210 43426 64346 59019 81153 99441 15219 16932 7042 78212 98253 99373 35070 
6622 15
79296 9183 62848 88036 18793 6272 44905 45670 24733 84481 1133 57998 82147 53429 47299 
1803 17
90642 39287 11354 60834 88812 65450 49557 20220 6187 99296 55820 4666 29714 40407 4746 74092 15430 
2249 16
17424 14930 70160 135 97907 17447 66924 86150 78423 29095 51140 81317 67000 1105 60533 62091 
245 18
95513 9366 42277 33358 21775 49980 43905 82311 35988 67961 12185 19063 85377 74282 13505 26545 93787 21579 
1458 10
69893 35673 25034 18413 20711 26866 84185 82976 57706 82004 
3130 15
79652 82904 31519 21113 71423 61595 88641 59713 56914 74557 26726 51923 23567 16468 92289 
3545 19
62319 52409 67367 11624 5685 40498 70207 21320 24607 6648 90854 78285 14653 25525 96911 13834 35466 94688 76042 
9564 15
56167 47827 69604 38194 94564 4400 65091 89514 87438 39193 32607 77329 36491 3879 92259 
963 12
30255 83507 75948 1039 37402 28885 91036 52089 72532 83252 6568 80121 
2126 17
37437 79908 14772 46775 91307 24695 33272 75921 80042 2994 39158 5152 15433 92653 83515 18221 6266 
8994 14
80312 60507 25477 55827 47017 78208 54387 53658 11944 25990 4961 99991 47703 24228 
553 13
4588 11263 99737 94079 17475 92964 14976 47859 86338 41198 85293 68602 24031 
3840 14
81718 77180 57288 35383 99721 16237 78316 16075 82945 85873 5334 21985 96164 87178 
4991 11
11289 65617 12143 29939 32386 52266 65955 94539 6206 71099 99227 
9064 15
65751 59567 14144 67031 75503 81296 50724 48449 53135 27417 68486 63288 11002 36301 26172 
7218 17
88476 10604 7404 9385 45458 75619 21624 68180 17868 58235 32922 67526 41014 46565 49821 91340 42873 
7791 16
32187 81874 75810 54133 93181 27113 26638 49959 41427 87331 91641 35109 84014 83007 23942 48237 
9916 15
96141 22530 88744 92092 89381 93644 80348 95010 86729 1394 19396 77432 1929 58820 75779 
9926 19
84581 28125 81947 83446 60582 64989 78372 61502 71798 93284 90990 96756 56215 51440 60362 31119 47992 85636 88696 
42 14
10211 65467 27005 8725 89954 83940 93173 5504 75467 37126 4919 29654 75269 72038 
319 12
12761 3195 9703 1286 13491 71080 29987 30045 75106 55351 2162 61579 
7862 10
80707 24226 43963 90271 66736 67246 2746 56089 97965 51312 
